              precision    recall  f1-score   support

           0       0.92      0.99      0.95      3584
           1       0.95      0.97      0.96      4071
           2       0.94      0.91      0.93      3534
           3       0.93      0.93      0.93      3691
           4       0.94      0.91      0.93      3552
           5       0.92      0.94      0.93      3214
           6       0.95      0.96      0.96      3599
           7       0.92      0.94      0.93      3686
           8       0.93      0.87      0.90      3476
           9       0.91      0.90      0.91      3593

    accuracy                           0.93     36000
   macro avg       0.93      0.93      0.93     36000
weighted avg       0.93      0.93      0.93     36000
